<?xml version="1.0"?>
<opencv_storage>
<M type_id="opencv-matrix">
  <rows>70</rows>
  <cols>70</cols>
  <dt>f</dt>
  <data>
    1.06531807e+002 1.55552683e+001 -1.09458284e+001 -3.16165905e+001
    2.63002167e+001 -2.96327438e+001 -9.90055752e+000 2.00034199e+001
    1.03132164e+000 -2.43191605e+001 1.44988546e+001 9.18156815e+000
    -1.34901171e+001 2.29583263e+001 -8.17814922e+000 -4.33874798e+000
    -4.04677302e-001 -3.78124380e+000 6.54752684e+000 -2.44086227e+001
    1.39050741e+001 -5.17611027e+000 -1.34354439e+001 -3.21697044e+001
    -3.91874084e+001 -1.06651411e+001 2.75727730e+001 2.86832638e+001
    5.34717512e+000 -7.22938776e+000 1.66629734e+001 -2.99740067e+001
    2.52630711e+001 5.95158768e+000 2.90301075e+001 6.67603350e+000
    -3.27097359e+001 -1.25078402e+001 -2.39912910e+001 6.35864162e+000
    1.12237453e+001 7.98831940e-001 -5.93538475e+000 -5.47436094e+000
    -2.95304432e+001 -2.44983234e+001 4.60937691e+000 -6.76647186e+000
    -1.38243561e+001 4.75819016e+000 -2.91058292e+001 8.11569881e+000
    3.16063175e+001 -8.82322407e+000 -2.49786396e+001 -3.08563209e+000
    -7.26919603e+000 -1.95938892e+001 -6.25725603e+000 -7.18227482e+000
    -4.73576832e+000 3.44326744e+001 -1.87222576e+001 -2.60018325e+000
    -3.24350536e-001 1.52308261e+000 1.62653008e+001 -8.94360256e+000
    -2.17218447e+000 -4.58436489e+000 1.55553579e+001 7.61469879e+001
    -3.09189606e+001 3.16546764e+001 -5.27059402e+001 -4.90461922e+001
    2.76269226e+001 1.59753609e+001 1.53049221e+001 -7.74658537e+000
    5.29847765e+000 -1.51458800e+000 7.98367357e+000 -4.00924015e+000
    -2.20980954e+000 2.28764057e+001 1.82049923e+001 -1.51780500e+001
    3.86043835e+000 1.04231586e+001 1.77950096e+000 4.52056742e+000
    3.74976969e+000 -1.94046891e+000 -1.80811958e+001 -2.09565811e+001
    -4.00666952e+000 1.17877445e+001 1.22005663e+001 -2.36444836e+001
    9.22731400e+000 -2.87467551e+000 -2.07265720e+001 -2.29944382e+001
    1.39116249e+001 -2.73352432e+000 -1.78715057e+001 1.03174419e+001
    -1.53762865e+001 2.04494553e+001 -6.69438505e+000 7.84138107e+000
    7.68825054e+000 -1.07010460e+001 1.21869602e+001 6.98403311e+000
    2.80188732e+001 -1.81643200e+000 -1.33261042e+001 7.41696119e+000
    1.34928751e+000 -1.53297062e+001 -1.81554437e+000 8.31035042e+000
    -1.99214821e+001 -1.01789408e+001 -8.53371620e+000 3.59544706e+000
    1.07340641e+001 1.66087189e+001 -8.21225071e+000 7.77744579e+000
    -1.38032188e+001 -1.30710115e+001 -3.74957132e+000 -6.72555208e+000
    6.58249378e+000 3.69763732e+000 2.20992279e+000 7.43124485e+000
    -1.09458513e+001 -3.09189606e+001 2.22370682e+001 -1.29327469e+001
    7.63389063e+000 1.02104635e+001 -7.73722458e+000 -1.52579517e+001
    -1.53561058e+001 -4.38520050e+000 -2.72290766e-001 1.29225121e+001
    -9.19717789e+000 -3.12456191e-002 -4.80489254e+000 -5.22828865e+000
    -7.43551016e+000 7.41693544e+000 -4.15088177e+000 -1.57467632e+001
    3.84369063e+000 -3.25642014e+000 -6.24216080e+000 4.56740284e+000
    3.97843719e+000 5.52693367e+000 7.93481320e-002 -1.56839123e+001
    -3.39297628e+000 3.97752476e+000 -1.44657745e+001 -3.74717927e+000
    1.51712627e+001 1.26115742e+001 -3.79168940e+000 -5.37035275e+000
    3.38415813e+000 -4.90555000e+000 1.51656752e+001 2.12024212e+000
    -3.01207638e+000 -9.82164669e+000 1.17168963e+000 2.39650369e+000
    -1.12496388e+000 -1.54521227e+000 -1.86293468e+001 8.79886246e+000
    -3.90794468e+000 -1.38041191e+001 4.52364445e+000 1.36384058e+000
    -7.31491137e+000 2.06280017e+000 1.39359999e+001 3.41168106e-001
    9.95245337e-001 -3.80617881e+000 -7.96591091e+000 -5.68037128e+000
    1.43871951e+000 -1.28526068e+001 1.30227022e+001 9.68954563e+000
    4.49319887e+000 -4.29883099e+000 -4.43977499e+000 3.12331390e+000
    3.17654395e+000 9.87763941e-001 -3.16165791e+001 3.16546459e+001
    -1.29327164e+001 3.26433411e+001 -2.66988945e+001 -2.19850979e+001
    2.04825425e+000 2.86527300e+000 -6.44064140e+000 1.85957134e+000
    -5.54133654e+000 -3.45790124e+000 1.04013729e+001 -9.63257980e+000
    6.68708265e-001 -1.99805200e+000 -1.01291084e+000 -7.34129572e+000
    4.86585438e-001 1.16286373e+001 8.06347275e+000 1.13339224e+001
    3.41433954e+000 1.64466496e+001 1.10153389e+001 -7.14870119e+000
    -2.08706551e+001 -1.39736214e+001 -5.11694765e+000 -1.70756504e-001
    1.24855709e+001 2.71045589e+000 -1.90719109e+001 -1.18597288e+001
    -3.87053180e+000 -1.62552872e+001 3.21535873e+000 8.71818542e+000
    1.30625689e+000 6.74176884e+000 -9.88669205e+000 5.71184731e+000
    3.69473433e+000 6.57800150e+000 1.88038883e+001 2.04233570e+001
    8.97983360e+000 -5.73959780e+000 4.53640175e+000 4.56612301e+000
    4.75418901e+000 -1.04753771e+001 -3.71991587e+000 1.09062328e+001
    -7.15184689e+000 1.04904592e-001 -3.23132801e+000 4.42334557e+000
    1.21131344e+001 1.76869564e+001 -1.04418106e+001 2.60012245e+000
    -4.63300753e+000 -1.24535666e+001 -3.90195942e+000 -1.33404210e-001
    -4.50336409e+000 6.47302246e+000 -6.10745478e+000 -1.46011627e+000
    2.63002186e+001 -5.27058411e+001 7.63385391e+000 -2.66988888e+001
    5.90699997e+001 2.93478813e+001 -1.94763794e+001 1.10101957e+001
    2.70735002e+000 4.47980022e+000 -7.21175194e+000 -1.77523875e+000
    -9.35673904e+000 1.78549252e+001 2.36941028e+000 -2.70466499e+001
    -6.62555408e+000 5.19605541e+000 2.32607031e+000 -1.54481859e+001
    -1.36589384e+000 -1.69719744e+000 4.50588942e-001 -3.95690441e+000
    1.28106308e+001 1.42427645e+001 1.91834717e+001 5.96813011e+000
    6.36056900e+000 9.40281296e+000 1.89897537e+001 -7.67391205e+000
    1.32251844e+001 1.34802074e+001 -3.09947848e+000 -6.60662937e+000
    7.25361300e+000 -9.77147961e+000 1.57570895e-002 -1.92376461e+001
    3.01887155e+000 4.91685438e+000 -5.05267763e+000 -1.47016132e+000
    -5.25592613e+000 -2.14186287e+001 -7.73236942e+000 -3.41610980e+000
    1.67592010e+001 -7.42589045e+000 -1.27538652e+001 2.37564602e+001
    1.25864162e+001 -1.98267574e+001 -3.57664600e-002 4.70740318e+000
    5.97207355e+000 -1.08921213e+001 -6.88336420e+000 -4.49007893e+000
    5.58500862e+000 1.56192236e+001 3.97728944e+000 -6.90925837e-001
    3.57322752e-001 2.10104465e+000 -9.01438713e+000 -8.84981632e+000
    2.58248878e+000 -1.17576542e+001 -2.96327381e+001 -4.90460892e+001
    1.02104273e+001 -2.19850731e+001 2.93478870e+001 7.99687881e+001
    3.15407777e+000 -2.42171574e+001 3.18016559e-001 1.88836479e+001
    -2.86987931e-001 -2.80126915e+001 1.06075754e+001 -6.47786713e+000
    5.84889889e-001 -8.33232307e+000 8.37230086e-001 -2.68017864e+001
    1.41694307e+001 2.10688853e+000 -8.22217655e+000 -1.31939421e+001
    1.50501680e+001 -7.04504824e+000 1.06699066e+001 2.43680248e+001
    1.12788467e+001 4.09869337e+000 1.08949356e+001 1.20362091e+001
    -3.75884476e+001 2.52977715e+001 -1.03528538e+001 9.01999760e+000
    -2.02817554e+001 2.36880226e+001 1.41504936e+001 -5.00979757e+000
    -1.86091766e-001 -2.99261875e+001 1.85620937e+001 -1.58192396e+001
    -6.64756250e+000 2.51320982e+000 -2.91456437e+000 -5.44923496e+000
    -2.16922951e+000 5.49224710e+000 1.34329796e+001 -2.09963751e+000
    5.70652962e+000 9.72807312e+000 -3.60476422e+000 2.85954148e-001
    1.80710526e+001 6.54643440e+000 1.09123554e+001 -1.03836670e+001
    -1.62262974e+001 -3.03672791e+001 1.19269810e+001 -5.91743183e+000
    1.46242218e+001 -4.23880243e+000 4.56964016e-001 8.81257534e+000
    -1.33473396e+000 -1.40103054e+001 1.87342763e+000 -3.51686931e+000
    -9.90054512e+000 2.76269341e+001 -7.73722458e+000 2.04826927e+000
    -1.94764309e+001 3.15407920e+000 3.81476898e+001 1.75816708e+001
    1.70842857e+001 -1.81343098e+001 -1.53662348e+001 -9.97168827e+000
    -9.68306828e+000 -1.37278976e+001 6.36618471e+000 1.29504776e+001
    2.54764729e+001 -1.49877214e+001 4.13595057e+000 -5.28524685e+000
    -7.90293407e+000 -1.37594366e+001 4.01092529e+000 5.68311453e-001
    4.47383463e-001 6.87621713e-001 1.72836494e+001 1.40816507e+001
